# Adjacency matrix for the buckyball polytype.
0: [11, 33, 36]
1: [12, 35, 37]
2: [6, 10, 38]
3: [13, 30, 33]
4: [7, 10, 39]
5: [14, 31, 35]
6: [2, 16, 30]
7: [4, 18, 31]
8: [9, 15, 32]
9: [8, 17, 34]
10: [2, 4, 21]
11: [0, 15, 19]
12: [1, 17, 20]
13: [3, 16, 19]
14: [5, 18, 20]
15: [8, 11, 24]
16: [6, 13, 22]
17: [9, 12, 25]
18: [7, 14, 23]
19: [11, 13, 26]
20: [12, 14, 27]
21: [10, 22, 23]
22: [16, 21, 28]
23: [18, 21, 29]
24: [15, 25, 26]
25: [17, 24, 27]
26: [19, 24, 28]
27: [20, 25, 29]
28: [22, 26, 29]
29: [23, 27, 28]
30: [3, 6, 41]
31: [5, 7, 42]
32: [8, 36, 40]
33: [0, 3, 43]
34: [9, 37, 40]
35: [1, 5, 44]
36: [0, 32, 46]
37: [1, 34, 48]
38: [2, 39, 45]
39: [4, 38, 47]
40: [32, 34, 51]
41: [30, 45, 49]
42: [31, 47, 50]
43: [33, 46, 49]
44: [35, 48, 50]
45: [38, 41, 54]
46: [36, 43, 52]
47: [39, 42, 55]
48: [37, 44, 53]
49: [41, 43, 56]
50: [42, 44, 57]
51: [40, 52, 53]
52: [46, 51, 58]
53: [48, 51, 59]
54: [45, 55, 56]
55: [47, 54, 57]
56: [49, 54, 58]
57: [50, 55, 59]
58: [52, 56, 59]
59: [53, 57, 58]
