# Adjacency matrix for the buckyball_240 polytype.
0: [6, 34, 54]
1: [7, 35, 55]
2: [4, 32, 56]
3: [5, 33, 57]
4: [2, 22, 58]
5: [3, 23, 59]
6: [0, 20, 60]
7: [1, 21, 61]
8: [20, 38, 40]
9: [21, 39, 40]
10: [22, 36, 41]
11: [23, 37, 41]
12: [30, 32, 42]
13: [31, 33, 43]
14: [28, 34, 44]
15: [29, 35, 45]
16: [26, 42, 50]
17: [27, 43, 51]
18: [24, 44, 52]
19: [25, 45, 53]
20: [6, 8, 70]
21: [7, 9, 71]
22: [4, 10, 72]
23: [5, 11, 73]
24: [18, 46, 50]
25: [19, 47, 51]
26: [16, 48, 52]
27: [17, 49, 53]
28: [14, 46, 62]
29: [15, 47, 63]
30: [12, 48, 64]
31: [13, 49, 65]
32: [2, 12, 74]
33: [3, 13, 75]
34: [0, 14, 76]
35: [1, 15, 77]
36: [10, 37, 66]
37: [11, 36, 67]
38: [8, 39, 68]
39: [9, 38, 69]
40: [8, 9, 78]
41: [10, 11, 79]
42: [12, 16, 92]
43: [13, 17, 93]
44: [14, 18, 94]
45: [15, 19, 95]
46: [24, 28, 84]
47: [25, 29, 85]
48: [26, 30, 86]
49: [27, 31, 87]
50: [16, 24, 96]
51: [17, 25, 97]
52: [18, 26, 98]
53: [19, 27, 99]
54: [0, 62, 80]
55: [1, 63, 81]
56: [2, 64, 82]
57: [3, 65, 83]
58: [4, 66, 88]
59: [5, 67, 89]
60: [6, 68, 90]
61: [7, 69, 91]
62: [28, 54, 100]
63: [29, 55, 101]
64: [30, 56, 102]
65: [31, 57, 103]
66: [36, 58, 108]
67: [37, 59, 109]
68: [38, 60, 110]
69: [39, 61, 111]
70: [20, 80, 104]
71: [21, 81, 105]
72: [22, 82, 106]
73: [23, 83, 107]
74: [32, 88, 112]
75: [33, 89, 113]
76: [34, 90, 114]
77: [35, 91, 115]
78: [40, 104, 105]
79: [41, 106, 107]
80: [54, 70, 124]
81: [55, 71, 125]
82: [56, 72, 126]
83: [57, 73, 127]
84: [46, 100, 116]
85: [47, 101, 117]
86: [48, 102, 118]
87: [49, 103, 119]
88: [58, 74, 128]
89: [59, 75, 129]
90: [60, 76, 130]
91: [61, 77, 131]
92: [42, 112, 120]
93: [43, 113, 121]
94: [44, 114, 122]
95: [45, 115, 123]
96: [50, 116, 120]
97: [51, 117, 121]
98: [52, 118, 122]
99: [53, 119, 123]
100: [62, 84, 132]
101: [63, 85, 133]
102: [64, 86, 134]
103: [65, 87, 135]
104: [70, 78, 144]
105: [71, 78, 145]
106: [72, 79, 146]
107: [73, 79, 147]
108: [66, 109, 136]
109: [67, 108, 137]
110: [68, 111, 138]
111: [69, 110, 139]
112: [74, 92, 140]
113: [75, 93, 141]
114: [76, 94, 142]
115: [77, 95, 143]
116: [84, 96, 148]
117: [85, 97, 149]
118: [86, 98, 150]
119: [87, 99, 151]
120: [92, 96, 156]
121: [93, 97, 157]
122: [94, 98, 158]
123: [95, 99, 159]
124: [80, 132, 160]
125: [81, 133, 161]
126: [82, 134, 162]
127: [83, 135, 163]
128: [88, 136, 152]
129: [89, 137, 153]
130: [90, 138, 154]
131: [91, 139, 155]
132: [100, 124, 164]
133: [101, 125, 165]
134: [102, 126, 166]
135: [103, 127, 167]
136: [108, 128, 174]
137: [109, 129, 175]
138: [110, 130, 176]
139: [111, 131, 177]
140: [112, 152, 170]
141: [113, 153, 171]
142: [114, 154, 172]
143: [115, 155, 173]
144: [104, 160, 168]
145: [105, 161, 168]
146: [106, 162, 169]
147: [107, 163, 169]
148: [116, 164, 178]
149: [117, 165, 179]
150: [118, 166, 180]
151: [119, 167, 181]
152: [128, 140, 182]
153: [129, 141, 183]
154: [130, 142, 184]
155: [131, 143, 185]
156: [120, 170, 178]
157: [121, 171, 179]
158: [122, 172, 180]
159: [123, 173, 181]
160: [124, 144, 186]
161: [125, 145, 187]
162: [126, 146, 188]
163: [127, 147, 189]
164: [132, 148, 192]
165: [133, 149, 193]
166: [134, 150, 194]
167: [135, 151, 195]
168: [144, 145, 190]
169: [146, 147, 191]
170: [140, 156, 196]
171: [141, 157, 197]
172: [142, 158, 198]
173: [143, 159, 199]
174: [136, 175, 200]
175: [137, 174, 201]
176: [138, 177, 202]
177: [139, 176, 203]
178: [148, 156, 208]
179: [149, 157, 209]
180: [150, 158, 210]
181: [151, 159, 211]
182: [152, 196, 200]
183: [153, 197, 201]
184: [154, 198, 202]
185: [155, 199, 203]
186: [160, 192, 204]
187: [161, 193, 205]
188: [162, 194, 206]
189: [163, 195, 207]
190: [168, 204, 205]
191: [169, 206, 207]
192: [164, 186, 216]
193: [165, 187, 217]
194: [166, 188, 218]
195: [167, 189, 219]
196: [170, 182, 212]
197: [171, 183, 213]
198: [172, 184, 214]
199: [173, 185, 215]
200: [174, 182, 220]
201: [175, 183, 221]
202: [176, 184, 222]
203: [177, 185, 223]
204: [186, 190, 224]
205: [187, 190, 225]
206: [188, 191, 226]
207: [189, 191, 227]
208: [178, 212, 216]
209: [179, 213, 217]
210: [180, 214, 218]
211: [181, 215, 219]
212: [196, 208, 228]
213: [197, 209, 229]
214: [198, 210, 230]
215: [199, 211, 231]
216: [192, 208, 232]
217: [193, 209, 233]
218: [194, 210, 234]
219: [195, 211, 235]
220: [200, 221, 228]
221: [201, 220, 229]
222: [202, 223, 230]
223: [203, 222, 231]
224: [204, 225, 232]
225: [205, 224, 233]
226: [206, 227, 234]
227: [207, 226, 235]
228: [212, 220, 236]
229: [213, 221, 237]
230: [214, 222, 238]
231: [215, 223, 239]
232: [216, 224, 236]
233: [217, 225, 237]
234: [218, 226, 238]
235: [219, 227, 239]
236: [228, 232, 237]
237: [229, 233, 236]
238: [230, 234, 239]
239: [231, 235, 238]
